  1 ->  1
  1  2 ->  2
  1  2  3 ->  3
  1  2  3  4 ->  4
  1  2  3  4  5 ->  5
  1  2  3  4  5  6 ->  6
  1  2  3  4  5  6  7 ->  7
  1  2  3  4  5  6  7  8 ->  8
  1 ->  2
  1  2 ->  4
  1  2  5 ->  7
  1  2  5  4 -> 10
  1  2  5  4 11 -> 13
  1  2  5  4 11 13 -> 18
  1  2  5  4 11 13 19 -> 24
  1 ->  3
  1  3 ->  7
  1  3  4 -> 12
  1  3  4 13 -> 21
  1  3  4 13 11 -> 30
  1  3  4 13 11 31 -> 39
  1 ->  4
  1  3 -> 10
  1  3  8 -> 20
  1  3  8 12 -> 33
  1  3  8 12 34 -> 55
  1 ->  5
  1  4 -> 14
  1  4  9 -> 32
  1  4  9 24 -> 62
  1 ->  6
  1  4 -> 18
  1  4  9 -> 41
  1 ->  7
  1  5 -> 23
  1 ->  8
