0
0
0
20069074
15230
78051994
568
2
8
1009427
49413462
961
0
11
0
0
7
0
4143
0
454207
21130
210123
119
34
22582373
35428
337623
623355
131279
0
0
117889
1084926
31814
0
180
48179841
0
0
1268082
306109302
5894
0
15400467
9931
1903
2394
25239135
2736604
3401664
1193
22181
0
1060732
10326
10522742
0
184740
207221
28267
166912
6
1095749
314442
734704
469541
20342
0
0
1
0
979664548
6205
0
0
7
11570666
21162224
993
229836
15692381
267
4916899
190104796
82491
0
22
11590
3673
0
0
2076477
32899819
59058
0
58793300
16
279535797
717598
